1 0.65078125 0.71796875 0.1296875 0.17109375
1 0.3154300390625 0.5036182296875 0.2615236140625 0.4562218734375 0.20973122656249998 0.49007644843750003 0.2361559296875 0.5154673484375001 0.2340419625 0.5662492078125 0.1177733140625 0.632265634375 0.089234715625 0.6915111656249999 0.10403241562500001 0.7626058765625 0.18224957656250002 0.786303996875 0.47397818437500006 0.6491929203125 0.477149171875 0.5476292 0.3978750625 0.49176911093750003 0.3154300390625 0.5036182296875
1 0.8140625 0.81328125 0.11484375 0.12890625
1 0.828125 0.6546875 0.171875 0.11015625
1 0.71171875 0.4546875 0.06796875 0.08515625
1 0.6015625 0.546875 0.14765625 0.14453125
1 0.49453125 0.4390625 0.04296875 0.04375
1 0.76328125 0.403125 0.13203125 0.0515625
1 0.88125 0.54140625 0.2125 0.1375
1 0.6921875 0.87109375 0.1 0.1078125
1 0.16015625 0.91484375 0.12265625 0.15703125
1 0.2578125 0.4171875 0.07734375 0.0453125
1 0.93671875 0.3625 0.11875 0.07265625