1 0.38515625 0.7484375 0.14140625 0.115625
1 0.21484375 0.69296875 0.1484375 0.06875
1 0.228125 0.91640625 0.146875 0.10859375
1 0.9109375 0.9203125 0.10859375 0.15859375
1 0.4765625 0.90078125 0.0765625 0.08203125
1 0.63046875 0.78984375 0.19765625 0.41953125
1 0.8125 0.59453125 0.08515625 0.1109375
1 0.59453125 0.4578125 0.09609375 0.06640625
1 0.44140625 0.43828125 0.096875 0.0921875
1 0.69375 0.40390625 0.1109375 0.053125
1 0.7640625 0.29453125 0.05546875 0.05
1 0.1640625 0.275 0.05546875 0.03671875
1 0.02265625 0.4 0.0453125 0.07890625
1 0.565625 0.2546875 0.075 0.040625
1 0.66640625 0.25859375 0.03828125 0.0296875
1 0.6203125 0.3203125 0.07578125 0.03671875
1 0.775 0.8875 0.05234375 0.215625