1 0.52265625 0.8390625 0.12734375 0.128125
1 0.49453125 0.6671875 0.17890625 0.15703125
1 0.58203125 0.5125 0.0671875 0.071875
1 0.58984375 0.396875 0.07734375 0.08359375
1 0.725 0.38828125 0.075 0.0703125
1 0.34921875 0.53671875 0.10625 0.10546875
1 0.484375 0.4953125 0.07734375 0.06484375
1 0.371875 0.4453125 0.09140625 0.05703125
1 0.23984375 0.39765625 0.10078125 0.05859375
1 0.3515625 0.2796875 0.071875 0.0515625
1 0.43125 0.34609375 0.03359375 0.03515625
1 0.35 0.3390625 0.0796875 0.04296875
1 0.275 0.21875 0.07890625 0.0484375
1 0.50234375 0.196875 0.090625 0.05390625
1 0.75234375 0.2453125 0.06015625 0.04140625
1 0.84140625 0.2734375 0.0578125 0.0609375
1 0.90625 0.13125 0.16484375 0.1234375
1 0.1515625 0.4 0.078125 0.0828125
1 0.14921875 0.3046875 0.08203125 0.04140625
1 0.3296875 0.1140625 0.03359375 0.0421875
1 0.58984375 0.0921875 0.0546875 0.0453125