1 0.4671875 0.9015625 0.3375 0.196875
1 0.6546875 0.58125 0.15703125 0.165625
1 0.80078125 0.53125 0.07578125 0.06171875
1 0.753125 0.36953125 0.209375 0.1125
1 0.209375 0.42734375 0.2484375 0.0953125
1 0.16015625 0.64140625 0.178125 0.1234375
1 0.47578125 0.26875 0.17890625 0.04375
1 0.47109375 0.3328125 0.084375 0.046875
1 0.8296875 0.2546875 0.06796875 0.1015625
1 0.75078125 0.17734375 0.090625 0.03515625
1 0.55078125 0.478125 0.08515625 0.05625
1 0.3640625 0.3515625 0.1140625 0.0515625
1 0.66796875 0.16484375 0.05546875 0.0296875
1 0.92578125 0.221875 0.0671875 0.0546875
1 0.90625 0.13984375 0.0515625 0.04140625
1 0.828125 0.09140625 0.03671875 0.0265625
1 0.7984375 0.12109375 0.04296875 0.0265625
1 0.82109375 0.14296875 0.05859375 0.03515625
1 0.52109375 0.15625 0.05859375 0.03125
1 0.22421875 0.31015625 0.140625 0.09453125
1 0.33203125 0.25859375 0.096875 0.05390625