1 0.80078125 0.6 0.39765625 0.128125
1 0.18203125 0.48828125 0.2296875 0.096875
1 0.4578125 0.67734375 0.19140625 0.1515625
1 0.4796875 0.90078125 0.1546875 0.171875
1 0.28515625 0.95 0.22265625 0.09921875
1 0.04453125 0.88828125 0.08828125 0.18671875
1 0.1828125 0.68984375 0.109375 0.0953125
1 0.2859375 0.109375 0.09453125 0.0796875
1 0.03046875 0.20625 0.053125 0.06640625
1 0.696875 0.11875 0.0578125 0.05078125
1 0.81328125 0.121875 0.08125 0.0796875
1 0.8 0.34140625 0.4 0.2109375
1 0.9578125 0.0875 0.084375 0.09453125
1 0.5703125 0.0875 0.17578125 0.1234375
1 0.68984375 0.03046875 0.0703125 0.04609375
1 0.39921875 0.021875 0.0671875 0.03984375
1 0.39140625 0.10546875 0.053125 0.04609375
1 0.36640625 0.1609375 0.0484375 0.06328125
1 0.40234375 0.24453125 0.07265625 0.05546875
1 0.5578125 0.26875 0.0671875 0.07109375
1 0.21796875 0.371875 0.09609375 0.0765625
1 0.20390625 0.23359375 0.0453125 0.0328125
1 0.190625 0.06640625 0.05234375 0.05234375