1 0.421875 0.696875 0.2015625 0.1390625
1 0.61796875 0.46953125 0.1328125 0.0609375
1 0.71640625 0.52578125 0.1125 0.03515625
1 0.575 0.64375 0.0984375 0.06328125
1 0.5328125 0.55703125 0.128125 0.05390625
1 0.43671875 0.61015625 0.103125 0.040625
1 0.07734375 0.66328125 0.14609375 0.10625
1 0.13515625 0.58046875 0.09140625 0.040625
1 0.175 0.53203125 0.11015625 0.04453125
1 0.25234375 0.465625 0.0640625 0.05625
1 0.31875 0.4390625 0.06796875 0.04140625
1 0.2671875 0.40234375 0.11484375 0.0296875
1 0.35703125 0.37734375 0.053125 0.0171875
1 0.51796875 0.4296875 0.05 0.0375
1 0.425 0.50234375 0.08828125 0.0484375
1 0.66796875 0.85 0.10859375 0.10703125
1 0.84765625 0.35 0.10703125 0.10078125
1 0.546875 0.34140625 0.07265625 0.03203125