1 0.53203125 0.62421875 0.17734375 0.115625
1 0.69140625 0.590625 0.05859375 0.0546875
1 0.2984375 0.61796875 0.15546875 0.128125
1 0.57890625 0.48359375 0.1078125 0.07109375
1 0.29609375 0.47578125 0.2984375 0.14296875
1 0.47890625 0.384375 0.02421875 0.0421875
1 0.4984375 0.421875 0.04296875 0.0203125
1 0.4984375 0.44609375 0.0375 0.028125
1 0.77109375 0.92421875 0.0828125 0.121875
1 0.73203125 0.7046875 0.1453125 0.09375
1 0.60390625 0.73359375 0.1 0.078125
1 0.1640625 0.659375 0.09140625 0.05234375
1 0.38515625 0.82421875 0.10078125 0.11796875
1 0.52890625 0.96015625 0.0828125 0.07578125
1 0.39453125 0.36328125 0.09453125 0.07421875