1 0.5796875 0.778125 0.14609375 0.13203125
1 0.7109375 0.96015625 0.13984375 0.0796875
1 0.71171875 0.67109375 0.2546875 0.10078125
1 0.47734375 0.56015625 0.17890625 0.06015625
1 0.43984375 0.62421875 0.1578125 0.06328125
1 0.26953125 0.51328125 0.13359375 0.0671875
1 0.4171875 0.478125 0.17421875 0.059375
1 0.53359375 0.428125 0.09453125 0.040625
1 0.6046875 0.51015625 0.17421875 0.0609375
1 0.6625 0.38359375 0.0828125 0.03359375
1 0.728125 0.41640625 0.0953125 0.01796875
1 0.734375 0.453125 0.0734375 0.0359375
1 0.89921875 0.5609375 0.18515625 0.1140625
1 0.38984375 0.37109375 0.0859375 0.05625