1 0.059375 0.86875 0.09609375 0.13984375
1 0.37265625 0.7921875 0.1046875 0.08515625
1 0.26328125 0.79609375 0.05625 0.12265625
1 0.24375 0.6859375 0.04921875 0.06328125
1 0.15859375 0.74609375 0.05859375 0.0765625
1 0.03828125 0.6328125 0.05703125 0.08359375
1 0.22421875 0.59609375 0.25 0.11640625
1 0.33203125 0.475 0.06015625 0.03515625
1 0.290625 0.42734375 0.071875 0.04921875
1 0.3 0.37578125 0.0515625 0.0515625
1 0.3578125 0.378125 0.028125 0.0484375
1 0.36875 0.44765625 0.0625 0.03125
1 0.225 0.3453125 0.05859375 0.05859375
1 0.17734375 0.3828125 0.05 0.0734375
1 0.13203125 0.26015625 0.034375 0.04609375
1 0.603125 0.69765625 0.13671875 0.09296875
1 0.5234375 0.72421875 0.03671875 0.05546875
1 0.46328125 0.60859375 0.0765625 0.09453125
1 0.5515625 0.590625 0.08984375 0.065625
1 0.553125 0.525 0.0625 0.0515625
1 0.68671875 0.45390625 0.0671875 0.0578125
1 0.67734375 0.5296875 0.03671875 0.05625
1 0.6796875 0.628125 0.0921875 0.0921875
1 0.7578125 0.57890625 0.06640625 0.07109375
1 0.778125 0.659375 0.0484375 0.06796875
1 0.83046875 0.55234375 0.0421875 0.0328125
1 0.8796875 0.6296875 0.1078125 0.0734375
1 0.884375 0.5265625 0.04453125 0.04609375
1 0.9515625 0.55 0.0421875 0.02421875
1 0.93359375 0.509375 0.02578125 0.02734375
1 0.903125 0.47265625 0.03828125 0.03671875
1 0.84765625 0.4703125 0.03515625 0.03203125
1 0.8234375 0.42890625 0.02890625 0.0296875
1 0.9 0.3953125 0.034375 0.0359375
1 0.884375 0.33984375 0.04140625 0.0375
1 0.77578125 0.36640625 0.06015625 0.0546875
1 0.71796875 0.384375 0.0421875 0.0390625
1 0.7390625 0.30703125 0.0296875 0.034375
1 0.74140625 0.2234375 0.0265625 0.0453125
1 0.76953125 0.2046875 0.0609375 0.07734375
1 0.84296875 0.19765625 0.0578125 0.096875
1 0.9078125 0.21640625 0.0234375 0.0671875
1 0.98828125 0.4078125 0.0234375 0.05
1 0.990625 0.484375 0.01875 0.06796875
1 0.95859375 0.96015625 0.0828125 0.0765625
1 0.890625 0.78515625 0.21875 0.13515625
1 0.4 0.7015625 0.0703125 0.090625
1 0.3875 0.6359375 0.0390625 0.03984375
1 0.4484375 0.3640625 0.0421875 0.06015625
1 0.44375 0.25 0.1078125 0.125
1 0.50625 0.08515625 0.98671875 0.04296875