1 0.55078125 0.8328125 0.26640625 0.14140625
1 0.5640625 0.4953125 0.1671875 0.0984375
1 0.65 0.4046875 0.14765625 0.0671875
1 0.6671875 0.3296875 0.1015625 0.04921875
1 0.534375 0.36953125 0.090625 0.04609375
1 0.396875 0.43515625 0.1140625 0.05234375
1 0.40625 0.3859375 0.08515625 0.03046875
1 0.3453125 0.33984375 0.07578125 0.0390625
1 0.30546875 0.38828125 0.053125 0.0390625
1 0.11875 0.76875 0.1125 0.1171875
1 0.4734375 0.3265625 0.0484375 0.05703125
1 0.58671875 0.303125 0.08125 0.0328125
1 0.5546875 0.3296875 0.0859375 0.0140625
1 0.6078125 0.2390625 0.04375 0.03515625
1 0.66640625 0.23828125 0.0546875 0.02265625
1 0.54296875 0.24453125 0.0703125 0.01015625
1 0.55390625 0.2578125 0.05703125 0.01328125
1 0.45234375 0.2609375 0.07265625 0.03828125
1 0.51875 0.22734375 0.06484375 0.015625