1 0.86171875 0.90546875 0.22578125 0.1890625
1 0.8078125 0.71484375 0.109375 0.103125
1 0.6140625 0.74921875 0.14921875 0.1484375
1 0.72265625 0.54921875 0.1203125 0.08359375
1 0.9625 0.66171875 0.0546875 0.0765625
1 0.6640625 0.4296875 0.040625 0.06796875
1 0.63046875 0.37578125 0.0765625 0.046875
1 0.609375 0.44453125 0.071875 0.04140625
1 0.55390625 0.51328125 0.11328125 0.1171875
1 0.48828125 0.6140625 0.08828125 0.06796875
1 0.36875 0.5671875 0.1203125 0.09296875
1 0.3140625 0.81953125 0.2 0.3296875
1 0.0828125 0.68671875 0.14140625 0.14375
1 0.1296875 0.39609375 0.2578125 0.15703125
1 0.3671875 0.4078125 0.125 0.071875
1 0.26796875 0.45703125 0.065625 0.0453125
1 0.49453125 0.40703125 0.06875 0.04921875
1 0.52734375 0.3609375 0.0421875 0.03984375
1 0.51171875 0.33046875 0.0546875 0.02890625
1 0.49140625 0.30625 0.02265625 0.01875
1 0.4421875 0.3125 0.03125 0.02421875
1 0.37265625 0.32421875 0.0296875 0.05078125
1 0.41015625 0.2984375 0.0296875 0.040625
1 0.4875 0.25390625 0.0375 0.025