1 0.09609375 0.76171875 0.07734375 0.084375
1 0.18515625 0.64765625 0.05625 0.040625
1 0.1265625 0.61328125 0.04375 0.04140625
1 0.06640625 0.54140625 0.0703125 0.04765625
1 0.1546875 0.5359375 0.06015625 0.0453125
1 0.1859375 0.4734375 0.07265625 0.05625
1 0.0359375 0.47734375 0.06796875 0.0609375
1 0.07578125 0.42421875 0.0421875 0.0328125
1 0.1109375 0.36953125 0.040625 0.034375
1 0.0203125 0.38359375 0.040625 0.046875
1 0.1421875 0.28203125 0.040625 0.0375
1 0.121875 0.2125 0.16328125 0.0796875
1 0.259375 0.33828125 0.11015625 0.0859375
1 0.3171875 0.3953125 0.09609375 0.06328125
1 0.34296875 0.4859375 0.08359375 0.07734375
1 0.45625 0.5484375 0.0859375 0.09296875
1 0.809375 0.96015625 0.05234375 0.0796875
1 0.88671875 0.84765625 0.09375 0.115625
1 0.95 0.7578125 0.053125 0.06484375
1 0.90234375 0.45859375 0.0703125 0.0609375
1 0.98046875 0.4703125 0.03828125 0.06484375
1 0.90234375 0.28828125 0.075 0.07578125
1 0.8078125 0.28828125 0.08984375 0.06875
1 0.7921875 0.23203125 0.05234375 0.03984375
1 0.91171875 0.15859375 0.05703125 0.06640625
1 0.94375 0.2171875 0.04609375 0.02890625
1 0.76171875 0.07578125 0.04765625 0.05234375
1 0.828125 0.07890625 0.03984375 0.05078125
1 0.5984375 0.08671875 0.07265625 0.04765625
1 0.6125 0.13828125 0.04375 0.04921875
1 0.525 0.2046875 0.10703125 0.10546875
1 0.39375 0.18125 0.075 0.05390625
1 0.4015625 0.096875 0.0640625 0.06484375
1 0.48125 0.05546875 0.08359375 0.06953125
1 0.3890625 0.02109375 0.07109375 0.04140625
1 0.29296875 0.05625 0.05078125 0.05859375
1 0.23828125 0.10625 0.0515625 0.05234375
1 0.1515625 0.03203125 0.0640625 0.05625
1 0.134375 0.09375 0.03203125 0.046875
1 0.71328125 0.01171875 0.08359375 0.02265625
1 0.5484375 0.0078125 0.096875 0.015625
1 0.66953125 0.134375 0.028125 0.02578125
1 0.65234375 0.5875 0.190625 0.8