1 0.22265625 0.51796875 0.14375 0.09609375
1 0.2984375 0.4609375 0.0671875 0.0625
1 0.46796875 0.45078125 0.16328125 0.0765625
1 0.6171875 0.51171875 0.10546875 0.0640625
1 0.753125 0.52578125 0.13203125 0.07421875
1 0.85 0.6234375 0.1421875 0.09375
1 0.95546875 0.51484375 0.0890625 0.0859375
1 0.978125 0.634375 0.04375 0.12578125
1 0.80078125 0.41015625 0.078125 0.05625
1 0.7046875 0.3484375 0.07578125 0.046875
1 0.79921875 0.3453125 0.0609375 0.02109375
1 0.60703125 0.42109375 0.08828125 0.0453125
1 0.6328125 0.453125 0.065625 0.03125
1 0.2390625 0.778125 0.47734375 0.44375
1 0.40703125 0.33359375 0.075 0.08984375
1 0.5609375 0.31015625 0.0546875 0.0421875
1 0.57421875 0.35 0.06875 0.0203125
1 0.6375 0.33359375 0.0515625 0.034375