1 0.48203125 0.64296875 0.240625 0.16640625
1 0.396875 0.40234375 0.15859375 0.1
1 0.21953125 0.61015625 0.215625 0.1796875
1 0.61875 0.353125 0.1046875 0.11328125
1 0.69921875 0.4703125 0.196875 0.0546875
1 0.81484375 0.39296875 0.12890625 0.11796875
1 0.765625 0.27890625 0.11953125 0.071875
1 0.85546875 0.22890625 0.15546875 0.1015625
1 0.7109375 0.2328125 0.07578125 0.04921875
1 0.6609375 0.15546875 0.075 0.04921875
1 0.534375 0.20078125 0.1703125 0.04921875
1 0.45234375 0.271875 0.1703125 0.0484375
1 0.2984375 0.3390625 0.125 0.06875
1 0.1609375 0.4203125 0.18515625 0.08515625
1 0.04609375 0.36640625 0.0734375 0.05234375
1 0.08515625 0.30234375 0.11875 0.07109375
1 0.17265625 0.24609375 0.06484375 0.040625
1 0.27578125 0.228125 0.0546875 0.02578125
1 0.23515625 0.79140625 0.21015625 0.1234375
1 0.27109375 0.959375 0.2296875 0.08125
1 0.528125 0.88828125 0.23515625 0.21015625
1 0.93984375 0.153125 0.10546875 0.0328125
1 0.97890625 0.2109375 0.04140625 0.0390625
1 0.84375 0.13671875 0.078125 0.0546875
1 0.88046875 0.10234375 0.059375 0.05703125
1 0.9203125 0.0609375 0.04375 0.0265625
1 0.76328125 0.115625 0.06171875 0.03359375
1 0.76328125 0.18515625 0.05859375 0.0453125
1 0.5859375 0.08828125 0.0734375 0.025
1 0.53203125 0.11015625 0.05 0.03359375
1 0.5484375 0.14453125 0.06640625 0.03203125
1 0.46328125 0.12578125 0.05859375 0.0265625
1 0.4421875 0.1640625 0.08046875 0.04609375
1 0.3125 0.1984375 0.06640625 0.0328125
1 0.10546875 0.1515625 0.05546875 0.021875
1 0.1984375 0.13046875 0.0703125 0.03515625
1 0.2640625 0.109375 0.06484375 0.0484375
1 0.32421875 0.10078125 0.04609375 0.0390625
1 0.39140625 0.08515625 0.05859375 0.0390625
1 0.49453125 0.06796875 0.06484375 0.05546875
1 0.5625 0.028125 0.05859375 0.0359375
1 0.628125 0.034375 0.05703125 0.04453125
1 0.72265625 0.01640625 0.08046875 0.028125