1 0.565625 0.84375 0.35234375 0.3125
1 0.76328125 0.67109375 0.08046875 0.1046875
1 0.79921875 0.7765625 0.0515625 0.0875
1 0.83984375 0.59609375 0.0703125 0.07578125
1 0.80234375 0.475 0.05234375 0.05859375
1 0.70625 0.4484375 0.10078125 0.06328125
1 0.7234375 0.52578125 0.040625 0.04375
1 0.521875 0.53984375 0.134375 0.0640625
1 0.63515625 0.63984375 0.103125 0.07734375
1 0.3890625 0.625 0.059375 0.05234375
1 0.3453125 0.4265625 0.0703125 0.05
1 0.6359375 0.3578125 0.25859375 0.08671875
1 0.384375 0.33046875 0.175 0.06328125
1 0.140625 0.73125 0.28125 0.5375