1 0.61875 0.8296875 0.1234375 0.23671875
1 0.7265625 0.6109375 0.115625 0.12734375
1 0.821875 0.6828125 0.0484375 0.0703125
1 0.79375 0.8671875 0.06796875 0.10390625
1 0.790625 0.965625 0.165625 0.06796875
1 0.971875 0.83984375 0.05625 0.3171875
1 0.8265625 0.35625 0.11484375 0.3625
1 0.74140625 0.38515625 0.04140625 0.08828125
1 0.6859375 0.2703125 0.03828125 0.078125
1 0.4609375 0.4875 0.10234375 0.2203125
1 0.20390625 0.9125 0.08671875 0.10703125
1 0.34765625 0.7546875 0.1 0.134375
1 0.32578125 0.9125 0.1078125 0.15546875
1 0.4703125 0.8421875 0.13671875 0.31484375