1 0.4703125 0.94375 0.16015625 0.1125
1 0.59453125 0.85234375 0.1421875 0.0796875
1 0.28046875 0.83359375 0.1265625 0.06171875
1 0.40390625 0.7796875 0.165625 0.07265625
1 0.5296875 0.6875 0.08125 0.0859375
1 0.7375 0.64921875 0.0625 0.046875
1 0.74453125 0.77265625 0.06171875 0.078125
1 0.85234375 0.90703125 0.2953125 0.1859375
1 0.5890625 0.53671875 0.0734375 0.0625
1 0.62421875 0.5796875 0.0578125 0.01875
1 0.36953125 0.59140625 0.08125 0.0859375
1 0.2375 0.6765625 0.06953125 0.09375
1 0.25234375 0.51015625 0.07734375 0.07734375
1 0.36171875 0.496875 0.090625 0.06953125
1 0.66328125 0.41328125 0.0625 0.0859375