1 0.61875 0.58515625 0.1625 0.14765625
1 0.746875 0.521875 0.10078125 0.08046875
1 0.484375 0.4890625 0.09921875 0.0703125
1 0.584375 0.4328125 0.14296875 0.0765625
1 0.3328125 0.6265625 0.1890625 0.11484375
1 0.5546875 0.91796875 0.196875 0.16328125
1 0.2953125 0.42578125 0.0625 0.07421875
1 0.378125 0.38046875 0.07421875 0.0640625
1 0.46796875 0.34765625 0.07578125 0.05390625
1 0.58046875 0.3328125 0.07109375 0.05390625
1 0.696875 0.340625 0.05390625 0.040625
1 0.64296875 0.28828125 0.04296875 0.02421875
1 0.7140625 0.2953125 0.04765625 0.05625
1 0.6171875 0.23359375 0.1359375 0.04765625
1 0.725 0.20703125 0.04765625 0.03203125
1 0.5203125 0.20703125 0.08046875 0.05078125
1 0.584375 0.1578125 0.06953125 0.0671875
1 0.44765625 0.10703125 0.04765625 0.03984375
1 0.47734375 0.14375 0.034375 0.0203125
1 0.4109375 0.1359375 0.01875 0.0265625
1 0.35546875 0.09140625 0.03984375 0.0296875
1 0.5140625 0.084375 0.05546875 0.02734375
1 0.53984375 0.06875 0.01640625 0.01484375