1 0.13984375 0.81484375 0.21953125 0.1625
1 0.365625 0.6375 0.109375 0.17109375
1 0.6109375 0.6578125 0.1875 0.17734375
1 0.53203125 0.41953125 0.20546875 0.15703125
1 0.74140625 0.30390625 0.14140625 0.1109375
1 0.72265625 0.45078125 0.103125 0.1046875
1 0.21484375 0.38515625 0.2515625 0.103125
1 0.47265625 0.253125 0.1046875 0.071875
1 0.5875 0.2765625 0.07890625 0.07109375
1 0.68046875 0.1984375 0.05859375 0.059375
1 0.85390625 0.11171875 0.0953125 0.07109375
1 0.95234375 0.146875 0.08359375 0.0703125