1 0.69140625 0.7890625 0.21171875 0.16796875
1 0.38984375 0.884375 0.36953125 0.13203125
1 0.42890625 0.728125 0.221875 0.10625
1 0.5140625 0.5703125 0.15390625 0.0671875
1 0.63046875 0.6375 0.13125 0.0421875
1 0.82734375 0.64765625 0.125 0.08125
1 0.79609375 0.590625 0.0546875 0.03515625
1 0.05703125 0.90703125 0.1140625 0.15078125
1 0.25546875 0.60390625 0.05625 0.06171875
1 0.19140625 0.603125 0.053125 0.0390625
1 0.1140625 0.63671875 0.05625 0.0453125
1 0.13046875 0.5765625 0.0578125 0.06875
1 0.259375 0.52734375 0.08671875 0.07578125
1 0.38203125 0.590625 0.07734375 0.03984375