1 0.3796875 0.6453125 0.16953125 0.1125
1 0.34140625 0.84375 0.1046875 0.09921875
1 0.5375 0.52265625 0.1203125 0.1453125
1 0.66875 0.48125 0.11875 0.10703125
1 0.7078125 0.61875 0.0890625 0.12421875
1 0.7984375 0.57734375 0.0796875 0.071875
1 0.934375 0.5265625 0.13125 0.125
1 0.33671875 0.45703125 0.14140625 0.18203125
1 0.29921875 0.328125 0.04453125 0.05234375
1 0.24453125 0.31875 0.04140625 0.0484375
1 0.35078125 0.19140625 0.05078125 0.084375
1 0.3359375 0.04921875 0.0671875 0.08359375
1 0.39765625 0.03203125 0.0375 0.03359375
1 0.4734375 0.3234375 0.05078125 0.06484375
1 0.640625 0.35234375 0.1203125 0.1296875
1 0.87109375 0.365625 0.25703125 0.16015625
1 0.84375 0.19140625 0.3125 0.16171875
1 0.66328125 0.20625 0.04296875 0.0578125
1 0.80859375 0.0546875 0.04375 0.053125
1 0.88359375 0.0703125 0.0421875 0.0484375
1 0.96484375 0.06640625 0.05078125 0.05859375