1 0.3 0.59609375 0.23984375 0.1203125
1 0.175 0.48359375 0.23359375 0.0984375
1 0.39296875 0.45234375 0.146875 0.0765625
1 0.50859375 0.53125 0.10625 0.071875
1 0.57734375 0.721875 0.13671875 0.13125
1 0.74609375 0.8921875 0.5078125 0.21484375
1 0.87265625 0.5640625 0.12109375 0.08203125
1 0.7 0.54921875 0.18125 0.1328125
1 0.59375 0.43984375 0.11953125 0.07109375
1 0.5578125 0.38828125 0.05625 0.03359375
1 0.521875 0.34296875 0.04609375 0.03203125
1 0.425 0.3328125 0.0890625 0.0453125
1 0.309375 0.35390625 0.19296875 0.10546875
1 0.24453125 0.25703125 0.1 0.0734375
1 0.946875 0.421875 0.0796875 0.06796875
1 0.825 0.40625 0.096875 0.0765625
1 0.7140625 0.33671875 0.0890625 0.0484375
1 0.81796875 0.2953125 0.125 0.06875