1 0.5546875 0.8765625 0.12265625 0.0859375
1 0.3671875 0.9546875 0.125 0.08984375
1 0.26328125 0.7515625 0.0984375 0.05859375
1 0.33671875 0.82109375 0.10390625 0.0609375
1 0.2640625 0.86484375 0.06171875 0.06953125
1 0.3796875 0.73984375 0.078125 0.06875
1 0.31953125 0.66484375 0.0546875 0.0546875
1 0.28203125 0.55078125 0.1078125 0.071875
1 0.54921875 0.50390625 0.10390625 0.0375
1 0.71484375 0.56484375 0.1015625 0.0703125
1 0.8203125 0.57578125 0.09921875 0.07421875
1 0.95078125 0.55546875 0.0984375 0.065625
1 0.11015625 0.6 0.0890625 0.05234375
1 0.04609375 0.525 0.08046875 0.0453125
1 0.1875 0.45625 0.071875 0.05
1 0.29453125 0.45234375 0.06328125 0.03828125
1 0.03515625 0.42109375 0.06484375 0.03828125
1 0.5140625 0.371875 0.0703125 0.03515625
1 0.46875 0.33515625 0.0703125 0.03984375
1 0.6390625 0.4484375 0.20859375 0.06640625
1 0.75625 0.5046875 0.0765625 0.03203125