1 0.64296875 0.57421875 0.12265625 0.11328125
1 0.6421875 0.47265625 0.0890625 0.08203125
1 0.52421875 0.4953125 0.0765625 0.06484375
1 0.415625 0.4953125 0.0796875 0.0671875
1 0.4390625 0.36640625 0.0796875 0.0765625
1 0.3109375 0.34765625 0.0765625 0.084375
1 0.4828125 0.671875 0.1828125 0.1734375
1 0.4125 0.8328125 0.13203125 0.15859375
1 0.18515625 0.0578125 0.1828125 0.115625
1 0.55625 0.19921875 0.11796875 0.0765625
1 0.6921875 0.32109375 0.0765625 0.0578125
1 0.78515625 0.2671875 0.07421875 0.06484375
1 0.828125 0.33203125 0.0671875 0.0625
1 0.9 0.38203125 0.1078125 0.08203125
1 0.78515625 0.44140625 0.1109375 0.0984375
1 0.6859375 0.36796875 0.0625 0.053125
1 0.30859375 0.1984375 0.0671875 0.05546875