1 0.42578125 0.19375 0.228125 0.1921875
1 0.4390625 0.50234375 0.18515625 0.10078125
1 0.36328125 0.603125 0.146875 0.06953125
1 0.35546875 0.67421875 0.103125 0.04296875
1 0.4640625 0.6296875 0.12734375 0.06015625
1 0.60703125 0.57109375 0.10078125 0.0453125
1 0.609375 0.61171875 0.084375 0.040625
1 0.53828125 0.6671875 0.053125 0.02421875
1 0.4203125 0.7015625 0.07421875 0.02890625
1 0.45546875 0.725 0.0796875 0.02890625
1 0.884375 0.23203125 0.103125 0.09375
1 0.40390625 0.765625 0.05546875 0.02421875
1 0.65234375 0.64921875 0.0796875 0.0359375