1 0.5328125 0.728125 0.240625 0.1515625
1 0.2765625 0.80625 0.1515625 0.14453125
1 0.39765625 0.6203125 0.125 0.08671875
1 0.44375 0.5578125 0.10078125 0.06953125
1 0.5453125 0.6203125 0.103125 0.06953125
1 0.5796875 0.52421875 0.09140625 0.05078125
1 0.390625 0.45546875 0.165625 0.071875
1 0.27734375 0.4703125 0.103125 0.06015625
1 0.48828125 0.43046875 0.09140625 0.04296875
1 0.87890625 0.74296875 0.1703125 0.1203125
1 0.8453125 0.6578125 0.10546875 0.0625
1 0.80625 0.6046875 0.1203125 0.071875
1 0.75703125 0.52265625 0.06953125 0.0359375
1 0.69921875 0.47578125 0.071875 0.0359375
1 0.75 0.44609375 0.1109375 0.05078125
1 0.63203125 0.375 0.10546875 0.0484375
1 0.66796875 0.40625 0.0671875 0.03359375
1 0.51328125 0.38671875 0.06015625 0.03125