1 0.3390625 0.49609375 0.09375 0.0578125
1 0.31875 0.4578125 0.06484375 0.040625
1 0.35234375 0.65859375 0.071875 0.0453125
1 0.3390625 0.7640625 0.10078125 0.0625
1 0.5046875 0.80625 0.23828125 0.18046875
1 0.89296875 0.5734375 0.0625 0.06015625
1 0.68515625 0.65390625 0.0671875 0.06484375
1 0.509375 0.41328125 0.05546875 0.03359375
1 0.7328125 0.3265625 0.1515625 0.06953125
1 0.88671875 0.34375 0.0484375 0.03359375
1 0.84375 0.38125 0.0484375 0.03125
1 0.95546875 0.43515625 0.08203125 0.040625
1 0.93515625 0.4109375 0.0625 0.03125
1 0.6875 0.53515625 0.0671875 0.040625
1 0.7515625 0.56484375 0.04296875 0.03359375
1 0.7078125 0.90234375 0.1390625 0.1421875