1 0.63359375 0.44140625 0.0765625 0.0578125
1 0.79140625 0.103125 0.1953125 0.20625
1 0.69609375 0.05625 0.1078125 0.1125
1 0.6109375 0.23671875 0.1109375 0.1109375
1 0.5109375 0.2453125 0.1109375 0.103125
1 0.37109375 0.259375 0.0890625 0.0796875
1 0.4234375 0.13125 0.1109375 0.11796875
1 0.55546875 0.0796875 0.1203125 0.1296875
1 0.48203125 0.0296875 0.1390625 0.059375
1 0.2609375 0.09765625 0.14453125 0.1109375
1 0.52265625 0.421875 0.05078125 0.0484375
1 0.56640625 0.4390625 0.040625 0.02890625
1 0.46875 0.48671875 0.1828125 0.165625
1 0.1859375 0.365625 0.3703125 0.30546875
1 0.03359375 0.21015625 0.0671875 0.209375