1 0.41015625 0.1984375 0.2359375 0.2015625
1 0.4390625 0.5046875 0.18984375 0.1078125
1 0.36875 0.6109375 0.14921875 0.0765625
1 0.365625 0.68125 0.10546875 0.0484375
1 0.4703125 0.63203125 0.1296875 0.0671875
1 0.6109375 0.56484375 0.103125 0.053125
1 0.615625 0.60546875 0.084375 0.04296875
1 0.546875 0.66484375 0.053125 0.0265625
1 0.43125 0.70703125 0.0765625 0.03359375
1 0.46640625 0.72734375 0.08203125 0.03359375
1 0.8703125 0.21171875 0.1078125 0.0984375
1 0.4171875 0.7703125 0.05546875 0.0265625
1 0.6609375 0.640625 0.08203125 0.040625