1 0.5265625 0.290625 0.09609375 0.09375
1 0.46484375 0.2015625 0.0578125 0.06015625
1 0.4390625 0.4078125 0.0890625 0.1109375
1 0.5171875 0.5640625 0.1078125 0.06953125
1 0.50234375 0.515625 0.07421875 0.040625
1 0.24609375 0.5765625 0.07421875 0.1203125
1 0.18125 0.7296875 0.1109375 0.16328125
1 0.31875 0.384375 0.05546875 0.0765625
1 0.375 0.26171875 0.06953125 0.0890625
1 0.546875 0.384375 0.04296875 0.0359375
1 0.55078125 0.4203125 0.04296875 0.0265625
1 0.5359375 0.3484375 0.03125 0.0265625
1 0.53515625 0.165625 0.03828125 0.02890625