1 0.34609375 0.5484375 0.1078125 0.0984375
1 0.3640625 0.4484375 0.0796875 0.06953125
1 0.47734375 0.49140625 0.06953125 0.05546875
1 0.5828125 0.5109375 0.071875 0.05546875
1 0.584375 0.3796875 0.06953125 0.06484375
1 0.7125 0.38203125 0.0671875 0.07421875
1 0.48671875 0.671875 0.1609375 0.14921875
1 0.52890625 0.8421875 0.1109375 0.14453125
1 0.88828125 0.11171875 0.165625 0.10078125
1 0.49609375 0.19453125 0.1109375 0.06015625
1 0.34140625 0.290625 0.06953125 0.0453125
1 0.259375 0.22109375 0.0671875 0.05546875
1 0.20546875 0.2765625 0.0578125 0.05546875
1 0.1265625 0.31484375 0.0984375 0.0671875
1 0.2296875 0.39296875 0.0984375 0.084375
1 0.3390625 0.3375 0.0578125 0.0453125
1 0.740625 0.23671875 0.06015625 0.0453125