1 0.5109375 0.28984375 0.084375 0.08203125
1 0.58671875 0.2125 0.0484375 0.053125
1 0.5765625 0.41953125 0.071875 0.10078125
1 0.47265625 0.56015625 0.10078125 0.053125
1 0.4953125 0.5140625 0.071875 0.02890625
1 0.73671875 0.6203125 0.05546875 0.11328125
1 0.77421875 0.78125 0.08671875 0.14921875
1 0.6984375 0.41796875 0.04296875 0.06953125
1 0.66484375 0.2875 0.0578125 0.08203125
1 0.4734375 0.37890625 0.03828125 0.02890625
1 0.4640625 0.41328125 0.03828125 0.01953125
1 0.490625 0.3453125 0.02890625 0.02421875
1 0.52421875 0.16484375 0.0359375 0.02421875