0 0.20546875 0.51484375 0.16015625 0.09921875
0 0.47890625 0.2 0.14296875 0.09375
0 0.33203125 0.378125 0.1625 0.11171875
0 0.13984375 0.2703125 0.11796875 0.08359375
0 0.0875 0.15625 0.16953125 0.10078125
0 0.43882287656249996 0.1174431296875 0.4316388046875 0.1382109265625 0.47564140625 0.15418615156249998 0.53940033125 0.12862579999999998 0.49539766875 0.1174431296875 0.5456863656250001 0.08389522031249999 0.476539384375 0.0807001046875 0.415474578125 0.056737271874999995 0.3840441671875 0.082297621875 0.401106371875 0.10945551718749999 0.43882287656249996 0.1174431296875
0 0.81171875 0.26640625 0.17734375 0.09453125
0 0.2734375 0.66328125 0.0578125 0.10390625
0 0.28046875 0.29375 0.07421875 0.040625
0 0.1421875 0.34453125 0.06953125 0.04140625
0 0.681286328125 0.1174431296875 0.71361478125 0.09667535625 0.6606320265625001 0.0854926578125 0.6345896078125 0.08868774375 0.6381816437500001 0.10945551718749999 0.681286328125 0.1174431296875
0 0.6328125 0.70859375 0.6015625 0.5828125
0 0.01796875 0.615625 0.0359375 0.1
