0 0.73828125 0.61875 0.0734375 0.1171875
0 0.775 0.77578125 0.0859375 0.14453125
0 0.79296875 0.890625 0.07734375 0.05859375
0 0.66953125 0.28515625 0.05234375 0.096875
0 0.6921875 0.36953125 0.04609375 0.05078125
0 0.70703125 0.42890625 0.0515625 0.06328125
0 0.58203125 0.4171875 0.06171875 0.10625
0 0.49375 0.565625 0.12109375 0.0765625
0 0.5140625 0.28984375 0.08984375 0.0796875
0 0.58828125 0.2125 0.0484375 0.05859375
0 0.63984375 0.14453125 0.0203125 0.03046875
0 0.46796875 0.41640625 0.04609375 0.0328125
0 0.4828125 0.38203125 0.05234375 0.0328125
0 0.490625 0.34609375 0.04296875 0.0265625
0 0.5 0.509375 0.06875 0.025
0 0.521875 0.16640625 0.03359375 0.02421875
