0 0.46875 0.5078125 0.13125 0.07421875
0 0.31796875 0.65546875 0.2609375 0.11640625
0 0.48515625 0.8859375 0.29296875 0.228125
0 0.2796875 0.45390625 0.1390625 0.07421875
0 0.6453125 0.3734375 0.11796875 0.05546875
0 0.77890625 0.2515625 0.17578125 0.0734375
0 0.55859375 0.2515625 0.1078125 0.05078125
0 0.3890625 0.24765625 0.11875 0.04609375
0 0.25625 0.37578125 0.2703125 0.05
0 0.37734375 0.18359375 0.1 0.03671875
0 0.66484375 0.10390625 0.0609375 0.02734375
0 0.6875 0.153125 0.04375 0.009375
0 0.71484375 0.178125 0.0859375 0.025
0 0.81953125 0.38515625 0.11171875 0.04296875
0 0.565625 0.15546875 0.0453125 0.03125
