0 0.73125 0.60703125 0.23203125 0.17265625
0 0.17734375 0.5296875 0.34453125 0.1265625
0 0.359375 0.8578125 0.71015625 0.28359375
0 0.4203125 0.39296875 0.0921875 0.0625
0 0.2359375 0.37109375 0.17734375 0.03671875
0 0.04609375 0.44921875 0.075 0.03828125
0 0.059375 0.38515625 0.09609375 0.025
0 0.9296875 0.55546875 0.140625 0.190625
0 0.68828125 0.47578125 0.24609375 0.090625
0 0.6125 0.40078125 0.0953125 0.05625
0 0.196875 0.321875 0.0703125 0.0203125
0 0.05625 0.35546875 0.09375 0.0328125
0 0.04375 0.31875 0.05 0.02421875
0 0.09921875 0.2984375 0.0515625 0.025
