0 0.4546875 0.56171875 0.1265625 0.1296875
0 0.346875 0.57734375 0.0828125 0.12109375
0 0.334375 0.37421875 0.08828125 0.19453125
0 0.24609375 0.521875 0.0984375 0.11953125
0 0.1390625 0.5015625 0.078125 0.12890625
0 0.05390625 0.509375 0.07890625 0.1125
0 0.74140625 0.5625 0.06875 0.08828125
0 0.6609375 0.85546875 0.05390625 0.16015625
0 0.6078125 0.93203125 0.05625 0.09453125
0 0.52578125 0.86953125 0.08515625 0.125
0 0.77734375 0.8765625 0.02890625 0.0546875
0 0.90703125 0.89609375 0.06796875 0.11875
0 0.98203125 0.915625 0.0359375 0.125
0 0.83671875 0.46015625 0.06328125 0.15859375
0 0.9125 0.61953125 0.05625 0.1109375
0 0.8859375 0.221875 0.09375 0.21796875
0 0.02109375 0.6109375 0.03828125 0.05078125
0 0.2890625 0.97734375 0.05546875 0.04453125
0 0.37890625 0.96640625 0.0484375 0.0671875
0 0.1171875 0.2609375 0.03125 0.05234375
