0 0.5171875 0.590625 0.2984375 0.16640625
0 0.47890625 0.88984375 0.52265625 0.2109375
0 0.10078125 0.62265625 0.2015625 0.1515625
0 0.625 0.3703125 0.20390625 0.08359375
0 0.44140625 0.27734375 0.3546875 0.1140625
0 0.7703125 0.2875 0.0953125 0.06015625
0 0.53125 0.31484375 0.0171875 0.00703125
0 0.671875 0.17734375 0.2015625 0.03515625
0 0.74921875 0.221875 0.09140625 0.03671875
0 0.84609375 0.21796875 0.08125 0.046875
0 0.915625 0.14140625 0.12890625 0.03671875
0 0.9328125 0.18203125 0.10546875 0.0203125
0 0.1578125 0.25625 0.15546875 0.08828125
0 0.36015625 0.16875 0.12578125 0.03515625
0 0.4265625 0.2109375 0.12734375 0.025
0 0.48359375 0.09375 0.109375 0.034375
0 0.3203125 0.1171875 0.1234375 0.0296875
0 0.23671875 0.15390625 0.06640625 0.021875
0 0.10859375 0.1484375 0.115625 0.046875
0 0.53359375 0.04921875 0.0875 0.01796875
0 0.7359375 0.07265625 0.10390625 0.04453125
