0 0.36796875 0.62109375 0.196875 0.09296875
0 0.5765625 0.68671875 0.196875 0.08203125
0 0.4796875 0.72890625 0.08671875 0.04453125
0 0.56328125 0.81953125 0.140625 0.10703125
0 0.39453125 0.82578125 0.10625 0.04765625
0 0.40546875 0.89140625 0.05390625 0.04296875
0 0.3375 0.86875 0.05078125 0.0390625
0 0.26171875 0.75234375 0.071875 0.059375
0 0.3421875 0.74921875 0.0484375 0.040625
0 0.36875 0.62734375 0.190625 0.0984375
0 0.58984375 0.60078125 0.1640625 0.07890625
0 0.8046875 0.55390625 0.1171875 0.121875
0 0.775 0.83046875 0.1546875 0.0703125
0 0.240625 0.4234375 0.0734375 0.04453125
0 0.43984375 0.42890625 0.1296875 0.0765625
0 0.684375 0.05234375 0.11171875 0.0484375
0 0.83984375 0.0953125 0.121875 0.0765625
0 0.9171875 0.053125 0.10859375 0.040625
0 0.9625 0.1375 0.06875 0.0421875
0 0.9484375 0.24140625 0.0875 0.08359375
0 0.8234375 0.21015625 0.10625 0.07890625
0 0.74375 0.1265625 0.06484375 0.04453125
0 0.4921875 0.009375 0.13203125 0.01796875
0 0.81015625 0.02890625 0.0546875 0.03046875
0 0.959375 0.0109375 0.071875 0.021875
0 0.70546875 0.0109375 0.0921875 0.021875
0 0.18828125 0.1234375 0.06015625 0.05859375
0 0.2296875 0.09140625 0.05625 0.05703125
0 0.0828125 0.09375 0.06328125 0.034375
0 0.0421875 0.1296875 0.0671875 0.04453125
0 0.4703125 0.278125 0.0765625 0.09375
0 0.56953125 0.26953125 0.05859375 0.08359375
0 0.63203125 0.2734375 0.0515625 0.06328125
0 0.58046875 0.434375 0.0609375 0.059375
0 0.8875 0.74296875 0.06953125 0.06171875
0 0.0296875 0.940625 0.05625 0.075
