0 0.09453125 0.8109375 0.11640625 0.13671875
0 0.19921875 0.9015625 0.08125 0.08828125
0 0.328125 0.7203125 0.0984375 0.078125
0 0.33828125 0.88984375 0.109375 0.10859375
0 0.43671875 0.7421875 0.08203125 0.1140625
0 0.48125 0.88046875 0.096875 0.1046875
0 0.5609375 0.7734375 0.09921875 0.090625
0 0.8015625 0.6953125 0.396875 0.2
0 0.6421875 0.953125 0.134375 0.09375
0 0.39453125 0.98046875 0.121875 0.0390625
0 0.4625 0.58203125 0.0515625 0.05234375
0 0.41796875 0.5375 0.03515625 0.0296875
0 0.3609375 0.5265625 0.07421875 0.0609375
0 0.2296875 0.6640625 0.11015625 0.10234375
0 0.53515625 0.51796875 0.1390625 0.1015625
