0 0.71796875 0.40234375 0.17421875 0.12734375
0 0.84453125 0.7484375 0.0921875 0.159375
0 0.5921875 0.440625 0.08828125 0.10390625
0 0.4796875 0.62890625 0.1234375 0.09765625
0 0.42421875 0.45703125 0.0765625 0.0984375
0 0.59453125 0.20703125 0.1109375 0.08671875
0 0.53125 0.125 0.1234375 0.0578125
0 0.38203125 0.18671875 0.0453125 0.0578125
0 0.46640625 0.2953125 0.05703125 0.0609375
0 0.31484375 0.328125 0.1046875 0.134375
0 0.1765625 0.25390625 0.075 0.05625
0 0.07890625 0.41015625 0.12890625 0.14765625
0 0.29375 0.16171875 0.071875 0.04453125
