0 0.65 0.565625 0.1140625 0.15546875
0 0.8640625 0.49140625 0.26875 0.31328125
0 0.55703125 0.77421875 0.09921875 0.07421875
0 0.67578125 0.946875 0.10546875 0.09765625
0 0.53203125 0.9328125 0.09921875 0.115625
0 0.40625 0.965625 0.0578125 0.06796875
0 0.359375 0.79375 0.1515625 0.15546875
0 0.35078125 0.54453125 0.071875 0.06484375
0 0.48984375 0.59375 0.0828125 0.04921875
0 0.53984375 0.45390625 0.0609375 0.05625
0 0.61484375 0.43828125 0.07109375 0.05625
0 0.67421875 0.3921875 0.05703125 0.07421875
