0 0.4921875 0.853125 0.2734375 0.25703125
0 0.5171875 0.6390625 0.16640625 0.10078125
0 0.734375 0.5734375 0.10859375 0.09765625
0 0.91640625 0.63984375 0.16015625 0.128125
0 0.96328125 0.51484375 0.0734375 0.103125
0 0.83359375 0.48125 0.06484375 0.0828125
0 0.55078125 0.49453125 0.13828125 0.06796875
0 0.678125 0.471875 0.0375 0.0390625
0 0.73359375 0.41484375 0.0703125 0.0578125
0 0.78515625 0.39296875 0.09296875 0.065625
0 0.65 0.346875 0.1328125 0.046875
0 0.56328125 0.39453125 0.10234375 0.04296875
0 0.421875 0.39296875 0.08125 0.07265625
0 0.39296875 0.48359375 0.0671875 0.11015625
0 0.31953125 0.70703125 0.0875 0.2546875
0 0.50078125 0.32109375 0.0515625 0.0390625
0 0.584375 0.309375 0.08671875 0.03046875
0 0.69296875 0.2828125 0.04296875 0.02109375
0 0.575 0.284375 0.1 0.02421875
0 0.54140625 0.2625 0.06484375 0.0171875
0 0.59296875 0.24921875 0.0359375 0.0203125
