0 0.53125 0.88984375 0.19296875 0.1953125
0 0.75546875 0.7140625 0.17578125 0.13984375
0 0.84609375 0.5203125 0.2109375 0.09765625
0 0.83828125 0.41484375 0.10390625 0.06796875
0 0.96953125 0.71796875 0.0609375 0.08203125
0 0.5359375 0.5546875 0.115625 0.059375
0 0.521875 0.475 0.12265625 0.05390625
0 0.3609375 0.5203125 0.13984375 0.10703125
0 0.4703125 0.37578125 0.078125 0.03203125
0 0.69765625 0.315625 0.09375 0.06953125
0 0.43046875 0.2875 0.1 0.04375
0 0.40546875 0.3265625 0.084375 0.02265625
0 0.33125 0.2671875 0.07734375 0.03828125
0 0.296875 0.215625 0.0890625 0.040625
0 0.42265625 0.1703125 0.19765625 0.0265625
0 0.53125 0.21484375 0.090625 0.0265625
0 0.26484375 0.15078125 0.08203125 0.02890625
0 0.26328125 0.1234375 0.06875 0.02578125
0 0.39140625 0.10078125 0.05703125 0.021875
0 0.43671875 0.13828125 0.0171875 0.0046875
