0 0.7609375 0.66484375 0.31796875 0.21484375
0 0.42734375 0.83671875 0.1890625 0.278125
0 0.3875 0.48515625 0.16640625 0.16484375
0 0.54765625 0.38125 0.10390625 0.0859375
0 0.65390625 0.25078125 0.11484375 0.1125
0 0.475 0.26640625 0.0890625 0.03046875
0 0.4421875 0.32734375 0.08515625 0.05
0 0.4109375 0.23125 0.09609375 0.05078125
0 0.50859375 0.21328125 0.04375 0.03671875
0 0.3921875 0.178125 0.09375 0.0390625
0 0.39296875 0.1375 0.05703125 0.0328125
0 0.49765625 0.1484375 0.059375 0.03203125
0 0.96640625 0.37421875 0.0671875 0.1390625
0 0.90625 0.47578125 0.0734375 0.10859375
