0 0.07109375 0.7859375 0.071875 0.08671875
0 0.13359375 0.64296875 0.05546875 0.14375
0 0.2125 0.53203125 0.08125 0.2046875
0 0.08671875 0.47421875 0.08203125 0.11796875
0 0.33828125 0.6859375 0.07421875 0.07109375
0 0.32421875 0.58125 0.05234375 0.078125
0 0.36796875 0.43359375 0.08828125 0.128125
0 0.4796875 0.40625 0.09609375 0.11796875
0 0.678125 0.421875 0.1234375 0.1484375
0 0.590625 0.465625 0.034375 0.05703125
0 0.59609375 0.54140625 0.04765625 0.05
0 0.6609375 0.5828125 0.05234375 0.10390625
0 0.50625 0.55859375 0.06953125 0.09609375
0 0.43046875 0.61171875 0.0359375 0.05546875
0 0.81171875 0.5265625 0.03671875 0.06015625
0 0.8859375 0.3546875 0.11953125 0.171875
0 0.97734375 0.3921875 0.04375 0.11953125
0 0.8765625 0.51171875 0.05546875 0.053125
0 0.95703125 0.5375 0.06484375 0.06796875
0 0.9171875 0.65546875 0.09921875 0.15390625
0 0.77265625 0.6875 0.1234375 0.165625
0 0.80078125 0.271875 0.04296875 0.065625
0 0.88359375 0.2046875 0.05625 0.1
