0 0.45625 0.8109375 0.3359375 0.31328125
0 0.821875 0.8015625 0.35625 0.396875
0 0.934375 0.43828125 0.13125 0.2203125
0 0.75625 0.42265625 0.14765625 0.13125
0 0.81171875 0.3265625 0.046875 0.0375
0 0.5859375 0.4875 0.10390625 0.0859375
0 0.46796875 0.49453125 0.08125 0.08203125
0 0.32109375 0.50625 0.1046875 0.071875
0 0.25 0.60859375 0.1125 0.06484375
0 0.07734375 0.6671875 0.1546875 0.2
0 0.1390625 0.45234375 0.084375 0.09921875
0 0.259375 0.4234375 0.0828125 0.07265625
0 0.37578125 0.3890625 0.07734375 0.08203125
0 0.4875 0.3984375 0.0625 0.05234375
0 0.48125 0.33359375 0.0546875 0.05078125
0 0.64296875 0.3125 0.190625 0.1
0 0.871875 0.2171875 0.1234375 0.0984375
0 0.6421875 0.190625 0.1109375 0.04453125
0 0.525 0.2140625 0.12578125 0.07578125
0 0.43984375 0.2796875 0.053125 0.07109375
0 0.0296875 0.4390625 0.059375 0.075
