0 0.4 0.77109375 0.12734375 0.13671875
0 0.55 0.815625 0.1015625 0.1078125
0 0.7078125 0.890625 0.15 0.1296875
0 0.565625 0.609375 0.20859375 0.18203125
0 0.23359375 0.6953125 0.15625 0.134375
0 0.25859375 0.51015625 0.1359375 0.128125
0 0.35 0.55078125 0.0359375 0.046875
0 0.41328125 0.5609375 0.04296875 0.02578125
0 0.43984375 0.6015625 0.04453125 0.03515625
0 0.40625 0.6171875 0.05390625 0.0515625
0 0.71796875 0.31953125 0.04453125 0.0453125
0 0.18203125 0.34296875 0.05 0.05546875
0 0.15 0.32421875 0.03359375 0.02890625
