0 0.49609375 0.80859375 0.11484375 0.1453125
0 0.51796875 0.60078125 0.090625 0.09296875
0 0.67734375 0.70703125 0.10234375 0.09375
0 0.73203125 0.65703125 0.065625 0.0828125
0 0.82109375 0.6671875 0.084375 0.0671875
0 0.77578125 0.74453125 0.06875 0.07109375
0 0.67578125 0.9125 0.1328125 0.175
0 0.25859375 0.8296875 0.103125 0.14453125
0 0.35078125 0.77109375 0.06171875 0.05859375
0 0.32734375 0.91875 0.08984375 0.0828125
0 0.35546875 0.659375 0.11015625 0.0953125
0 0.28984375 0.63125 0.0578125 0.065625
0 0.2203125 0.6234375 0.0625 0.05078125
0 0.1234375 0.6 0.1296875 0.096875
0 0.07421875 0.72421875 0.10625 0.08984375
0 0.92734375 0.84375 0.13203125 0.17421875
0 0.6890625 0.5078125 0.06953125 0.04375
0 0.66953125 0.57109375 0.11484375 0.0421875
0 0.60859375 0.62890625 0.0546875 0.05703125
0 0.56484375 0.54765625 0.04921875 0.04140625
0 0.60546875 0.50390625 0.04921875 0.0515625
0 0.48359375 0.53125 0.05390625 0.0484375
0 0.4046875 0.5609375 0.065625 0.05234375
0 0.34609375 0.53125 0.06875 0.05546875
0 0.21484375 0.5109375 0.09140625 0.0453125
0 0.32578125 0.46171875 0.0453125 0.0296875
0 0.3703125 0.46015625 0.0296875 0.03359375
0 0.44765625 0.42421875 0.0640625 0.0265625
0 0.490625 0.4375 0.05546875 0.046875
0 0.6421875 0.44296875 0.12890625 0.040625
0 0.5578125 0.45703125 0.04453125 0.06640625
0 0.58984375 0.4 0.02421875 0.0296875
0 0.62578125 0.40390625 0.03671875 0.0359375
0 0.5453125 0.4046875 0.03828125 0.03046875
0 0.56171875 0.38359375 0.02734375 0.01484375
0 0.5953125 0.36640625 0.02734375 0.0203125
0 0.50234375 0.4015625 0.04453125 0.03984375
0 0.46328125 0.39453125 0.03515625 0.02265625
0 0.27890625 0.4140625 0.08984375 0.06015625
