0 0.4828125 0.67421875 0.1921875 0.11953125
0 0.34296875 0.8546875 0.2203125 0.1671875
0 0.25625 0.61875 0.2 0.12265625
0 0.3796875 0.46015625 0.14921875 0.0859375
0 0.18515625 0.50546875 0.071875 0.05546875
0 0.09375 0.475 0.0875 0.07734375
0 0.2296875 0.43984375 0.07421875 0.053125
0 0.2359375 0.40625 0.04609375 0.01875
0 0.30546875 0.40078125 0.040625 0.04921875
0 0.75390625 0.35546875 0.096875 0.04453125
0 0.803125 0.4546875 0.05859375 0.046875
0 0.95078125 0.528125 0.0984375 0.128125
0 0.76484375 0.5140625 0.12890625 0.06953125
0 0.7015625 0.41796875 0.075 0.04453125
0 0.6609375 0.3921875 0.040625 0.02578125
0 0.659375 0.35703125 0.02890625 0.02265625
0 0.4265625 0.571875 0.0859375 0.078125
0 0.16640625 0.353125 0.03984375 0.03671875
0 0.1921875 0.340625 0.0359375 0.02109375
0 0.3515625 0.33046875 0.0546875 0.04453125
0 0.41328125 0.3625 0.03125 0.04375
0 0.396875 0.28046875 0.0375 0.0265625
0 0.37265625 0.26328125 0.034375 0.0234375
0 0.296875 0.25078125 0.034375 0.0203125
0 0.271875 0.27890625 0.0515625 0.0171875
0 0.26796875 0.32265625 0.07265625 0.046875
0 0.2015625 0.30078125 0.05234375 0.02421875
0 0.1890625 0.27109375 0.0578125 0.01796875
0 0.60234375 0.25859375 0.0265625 0.02109375
