0 0.4671875 0.90234375 0.22890625 0.16875
0 0.6265625 0.79296875 0.18515625 0.0796875
0 0.20234375 0.7875 0.1375 0.09453125
0 0.396875 0.7296875 0.20546875 0.0984375
0 0.5609375 0.62734375 0.11796875 0.0765625
0 0.73125 0.5296875 0.1234375 0.05859375
0 0.80390625 0.7 0.084375 0.1203125
0 0.8078125 0.5953125 0.11875 0.06484375
0 0.953125 0.56796875 0.05078125 0.03828125
0 0.95234375 0.7859375 0.059375 0.071875
0 0.365625 0.5078125 0.10546875 0.0859375
0 0.1859375 0.603125 0.07421875 0.075
0 0.19921875 0.38515625 0.07109375 0.09609375
0 0.48515625 0.3375 0.09453125 0.0453125
0 0.61328125 0.425 0.09375 0.05546875
0 0.71796875 0.28359375 0.08203125 0.0515625
