0 0.77265625 0.74765625 0.3015625 0.215625
0 0.89375 0.94921875 0.125 0.1015625
0 0.56640625 0.87734375 0.2671875 0.2453125
0 0.21796875 0.621875 0.14609375 0.115625
0 0.1703125 0.55 0.1171875 0.06328125
0 0.596875 0.4328125 0.16171875 0.1
0 0.4328125 0.40703125 0.08828125 0.040625
0 0.44921875 0.446875 0.04296875 0.02890625
0 0.45859375 0.50546875 0.0515625 0.05390625
0 0.34296875 0.4671875 0.0765625 0.04609375
0 0.2390625 0.42734375 0.075 0.0546875
0 0.2765625 0.3734375 0.07421875 0.05703125
0 0.15234375 0.340625 0.13359375 0.071875
0 0.06875 0.428125 0.13359375 0.11328125
0 0.03203125 0.6203125 0.0640625 0.1015625
0 0.02109375 0.7484375 0.0421875 0.115625
0 0.1015625 0.90859375 0.18046875 0.1828125
0 0.50234375 0.3390625 0.14375 0.05078125
0 0.54140625 0.2921875 0.06796875 0.03984375
0 0.578125 0.2734375 0.05234375 0.0203125
0 0.37734375 0.36796875 0.04296875 0.0234375
