0 0.15703125 0.79765625 0.31328125 0.22421875
0 0.40234375 0.5015625 0.3265625 0.22578125
0 0.65390625 0.390625 0.17109375 0.103125
0 0.8390625 0.49765625 0.17421875 0.08671875
0 0.8078125 0.615625 0.2953125 0.1234375
0 0.79375 0.771875 0.20703125 0.17265625
0 0.384375 0.17578125 0.146875 0.07734375
0 0.58984375 0.1890625 0.19921875 0.0703125
0 0.66328125 0.2765625 0.1671875 0.07421875
0 0.76796875 0.153125 0.0859375 0.03515625
0 0.73203125 0.18359375 0.04921875 0.05234375
0 0.57421875 0.12890625 0.1453125 0.0390625
0 0.45 0.0953125 0.1296875 0.0453125
0 0.26640625 0.11640625 0.0859375 0.03203125
0 0.303125 0.0578125 0.05546875 0.0265625
0 0.35859375 0.03359375 0.10625 0.05546875
0 0.578125 0.06328125 0.159375 0.0453125
0 0.678125 0.10859375 0.1 0.03125
0 0.7796875 0.06875 0.078125 0.01875
0 0.8609375 0.1359375 0.096875 0.06796875
0 0.6359375 0.01015625 0.06328125 0.01328125
