0 0.27734375 0.803125 0.5546875 0.39375
0 0.53203125 0.60078125 0.146875 0.0796875
0 0.44921875 0.50625 0.13515625 0.07890625
0 0.6265625 0.53203125 0.07265625 0.04921875
0 0.66953125 0.51640625 0.08046875 0.0609375
0 0.61171875 0.48203125 0.06875 0.06015625
0 0.56015625 0.4546875 0.05625 0.0546875
0 0.6625 0.44609375 0.10703125 0.04609375
0 0.62890625 0.40078125 0.0796875 0.0328125
0 0.7453125 0.38359375 0.14609375 0.053125
0 0.78984375 0.45078125 0.07734375 0.05859375
0 0.72734375 0.8625 0.09140625 0.09921875
0 0.6015625 0.371875 0.08359375 0.03984375
0 0.60625 0.3328125 0.0828125 0.0578125
0 0.68671875 0.30625 0.04921875 0.02734375
