0 0.5625 0.78671875 0.2828125 0.2171875
0 0.58828125 0.50703125 0.1953125 0.0765625
0 0.65390625 0.41796875 0.12734375 0.05234375
0 0.540625 0.37109375 0.11015625 0.08515625
0 0.6796875 0.3375 0.109375 0.04921875
0 0.3953125 0.44296875 0.09140625 0.05625
0 0.41015625 0.3765625 0.07734375 0.05390625
0 0.096875 0.73359375 0.13125 0.1453125
0 0.22109375 0.57890625 0.08984375 0.13984375
0 0.30859375 0.3765625 0.04921875 0.0734375
0 0.35 0.3515625 0.05625 0.053125
0 0.4703125 0.33359375 0.0390625 0.02578125
