0 0.39140625 0.71796875 0.12109375 0.12890625
0 0.55703125 0.3796875 0.1328125 0.1109375
0 0.65234375 0.60078125 0.13203125 0.1625
0 0.496875 0.90703125 0.321875 0.1859375
0 0.2828125 0.53359375 0.1875 0.12578125
0 0.140625 0.4875 0.06640625 0.040625
0 0.02421875 0.58046875 0.0484375 0.0953125
0 0.0171875 0.4921875 0.034375 0.065625
0 0.01328125 0.45234375 0.0265625 0.03125
0 0.0671875 0.403125 0.04296875 0.046875
0 0.303125 0.41328125 0.09453125 0.0671875
0 0.209375 0.4078125 0.04921875 0.0296875
0 0.7796875 0.42265625 0.1 0.25625
0 0.95625 0.9078125 0.0875 0.17421875
