0 0.6921875 0.91328125 0.1078125 0.090625
0 0.571875 0.84453125 0.06875 0.04609375
0 0.59765625 0.7859375 0.10078125 0.05
0 0.7765625 0.796875 0.0546875 0.05
0 0.8890625 0.75390625 0.08203125 0.08515625
0 0.96015625 0.82890625 0.04375 0.06796875
0 0.94921875 0.91484375 0.10078125 0.06171875
0 0.3921875 0.81640625 0.08359375 0.0296875
0 0.246875 0.86796875 0.121875 0.05703125
0 0.3484375 0.971875 0.0578125 0.0546875
0 0.04765625 0.9375 0.0859375 0.09609375
0 0.05 0.85546875 0.06171875 0.046875
0 0.1234375 0.78359375 0.09453125 0.1171875
0 0.053125 0.62734375 0.084375 0.06875
0 0.221875 0.69765625 0.0640625 0.03828125
0 0.3046875 0.6625 0.0515625 0.02421875
0 0.2546875 0.778125 0.0859375 0.0375
0 0.40234375 0.7203125 0.0921875 0.05078125
0 0.51953125 0.6859375 0.07734375 0.06796875
0 0.6578125 0.68203125 0.12734375 0.05703125
0 0.79921875 0.63515625 0.08671875 0.0453125
0 0.8578125 0.58984375 0.03515625 0.0359375
0 0.821875 0.5640625 0.05 0.0421875
0 0.75859375 0.57421875 0.04921875 0.034375
0 0.678125 0.5984375 0.08359375 0.03984375
0 0.58046875 0.63515625 0.08203125 0.03359375
0 0.56640625 0.596875 0.10234375 0.03671875
0 0.4734375 0.61640625 0.08046875 0.04921875
0 0.39375 0.62578125 0.06015625 0.03359375
0 0.39921875 0.59609375 0.05234375 0.03203125
0 0.27421875 0.62578125 0.0734375 0.0484375
0 0.20078125 0.63515625 0.046875 0.02734375
0 0.23828125 0.59296875 0.04765625 0.025
0 0.27421875 0.57109375 0.08671875 0.053125
0 0.2734375 0.53359375 0.06484375 0.0390625
0 0.28515625 0.50859375 0.04921875 0.0421875
0 0.41171875 0.5484375 0.06328125 0.0421875
0 0.51015625 0.5140625 0.07734375 0.03125
0 0.63046875 0.4859375 0.07265625 0.02109375
0 0.65703125 0.509375 0.05859375 0.01171875
0 0.63359375 0.54609375 0.0671875 0.02734375
0 0.74140625 0.540625 0.04453125 0.04140625
0 0.69609375 0.4953125 0.03046875 0.0265625
0 0.77890625 0.5140625 0.0453125 0.02109375
