0 0.4515625 0.73671875 0.14921875 0.12578125
0 0.5796875 0.66953125 0.11640625 0.08125
0 0.74765625 0.96015625 0.16484375 0.0796875
0 0.79609375 0.903125 0.1078125 0.05234375
0 0.7578125 0.8015625 0.18203125 0.05703125
0 0.16015625 0.81640625 0.18203125 0.09765625
0 0.259375 0.65625 0.29921875 0.065625
0 0.54375 0.54609375 0.16640625 0.05
0 0.6328125 0.47578125 0.08046875 0.05
0 0.50859375 0.45546875 0.071875 0.028125
0 0.43046875 0.4296875 0.08828125 0.04453125
0 0.2875 0.45703125 0.16875 0.08046875
0 0.2734375 0.37890625 0.0625 0.0546875
0 0.22578125 0.33203125 0.09609375 0.02265625
0 0.7515625 0.53515625 0.0453125 0.0171875
0 0.69296875 0.6203125 0.103125 0.04765625
0 0.81171875 0.621875 0.02890625 0.08359375
