0 0.46640625 0.7078125 0.0984375 0.09609375
0 0.525 0.79921875 0.06015625 0.0625
0 0.55859375 0.5953125 0.09140625 0.11328125
0 0.4859375 0.43515625 0.1078125 0.071875
0 0.4984375 0.484375 0.07421875 0.04296875
0 0.75625 0.43125 0.0765625 0.12265625
0 0.8265625 0.2828125 0.115625 0.165625
0 0.6765625 0.62109375 0.0578125 0.0765625
0 0.61640625 0.74296875 0.071875 0.09140625
0 0.4484375 0.61328125 0.0453125 0.03828125
0 0.446875 0.5765625 0.04296875 0.02890625
0 0.4578125 0.65 0.03359375 0.02890625
0 0.4546875 0.8328125 0.040625 0.02890625
