0 0.64453125 0.52265625 0.06953125 0.0453125
0 0.884375 0.8109375 0.15625 0.18046875
0 0.80390625 0.88359375 0.084375 0.10546875
0 0.67421875 0.725 0.09375 0.09140625
0 0.5765625 0.74375 0.09609375 0.084375
0 0.4390625 0.765625 0.0765625 0.06484375
0 0.5203125 0.8765625 0.09140625 0.10078125
0 0.6625 0.89296875 0.0984375 0.11328125
0 0.60703125 0.9703125 0.12734375 0.053125
0 0.3734375 0.95078125 0.1296875 0.084375
0 0.5421875 0.56875 0.04296875 0.040625
0 0.58046875 0.5421875 0.0359375 0.021875
0 0.47265625 0.5203125 0.15625 0.13671875
0 0.23203125 0.71171875 0.3296875 0.23828125
0 0.07421875 0.91015625 0.134375 0.17578125
