0 0.671875 0.39453125 0.26953125 0.20703125
0 0.33671875 0.14453125 0.446875 0.28828125
0 0.8171875 0.07421875 0.334375 0.13203125
0 0.921875 0.26953125 0.1515625 0.14453125
0 0.33984375 0.53828125 0.39453125 0.178125
0 0.6828125 0.62265625 0.15625 0.071875
0 0.8734375 0.5765625 0.1421875 0.103125
0 0.97109375 0.50390625 0.053125 0.0625
0 0.615625 0.82109375 0.15625 0.0578125
0 0.475 0.7203125 0.1921875 0.06953125
0 0.3921875 0.77734375 0.084375 0.040625
0 0.20703125 0.76171875 0.19453125 0.0765625
0 0.68046875 0.88125 0.10078125 0.040625
0 0.5734375 0.8953125 0.134375 0.04296875
0 0.328125 0.8375 0.24765625 0.07421875
0 0.734375 0.93984375 0.1828125 0.0765625
0 0.5625 0.65859375 0.1390625 0.0578125
0 0.68125 0.725 0.06484375 0.03828125
0 0.04921875 0.27421875 0.08671875 0.1109375
