0 0.9421875 0.521875 0.1109375 0.0765625
0 0.63671875 0.55390625 0.053125 0.0453125
0 0.4390625 0.75703125 0.08671875 0.06484375
0 0.34140625 0.6984375 0.09140625 0.03828125
0 0.38125 0.63828125 0.05546875 0.03359375
0 0.4828125 0.6984375 0.053125 0.0359375
0 0.5015625 0.43046875 0.0890625 0.06953125
0 0.58515625 0.33671875 0.165625 0.11796875
0 0.3765625 0.47578125 0.0453125 0.0359375
0 0.3140625 0.34765625 0.2046875 0.10078125
0 0.2828125 0.1609375 0.18515625 0.19453125
0 0.2484375 0.4734375 0.12734375 0.10546875
