0 0.35703125 0.4265625 0.09375 0.0578125
0 0.35546875 0.38203125 0.06484375 0.040625
0 0.296875 0.578125 0.071875 0.0453125
0 0.2390625 0.6671875 0.10078125 0.0625
0 0.3703125 0.77734375 0.23828125 0.18046875
0 0.82109375 0.73828125 0.0625 0.06015625
0 0.5984375 0.71875 0.0671875 0.06484375
0 0.546875 0.4265625 0.05546875 0.03359375
0 0.7859375 0.44609375 0.1515625 0.06953125
0 0.915625 0.5296875 0.0484375 0.03359375
0 0.8609375 0.54453125 0.0484375 0.03125
0 0.9375 0.6421875 0.08203125 0.040625
0 0.93046875 0.6109375 0.0625 0.03125
0 0.65390625 0.61328125 0.0671875 0.040625
0 0.696875 0.66796875 0.04296875 0.03359375
0 0.5109375 0.93984375 0.1421875 0.115625
