0 0.42421875 0.084375 0.240625 0.165625
0 0.64453125 0.11328125 0.14921875 0.11796875
0 0.50625 0.2140625 0.2234375 0.10546875
0 0.41484375 0.31640625 0.1203125 0.071875
0 0.59375 0.38203125 0.09375 0.053125
0 0.84765625 0.09765625 0.165625 0.19453125
0 0.73203125 0.4390625 0.0890625 0.06484375
0 0.515625 0.5171875 0.0796875 0.0578125
0 0.203125 0.30625 0.071875 0.06015625
0 0.24140625 0.396875 0.06953125 0.05546875
0 0.3015625 0.43359375 0.08671875 0.06484375
0 0.07109375 0.17578125 0.1421875 0.1734375
