0 0.48671875 0.9234375 0.2234375 0.12265625
0 0.27890625 0.85 0.134375 0.09140625
0 0.43359375 0.77890625 0.21875 0.0625
0 0.5453125 0.6984375 0.115625 0.05078125
0 0.384375 0.5953125 0.0890625 0.0359375
0 0.071875 0.83984375 0.12734375 0.20703125
0 0.259375 0.51171875 0.08203125 0.05078125
0 0.48828125 0.4796875 0.07421875 0.04296875
0 0.75 0.7515625 0.06484375 0.0484375
0 0.73203125 0.65390625 0.06484375 0.04296875
0 0.68046875 0.60546875 0.0796875 0.05078125
0 0.89296875 0.91953125 0.209375 0.13203125
