0 0.5359375 0.8140625 0.2359375 0.2015625
0 0.5609375 0.5046875 0.18984375 0.1078125
0 0.64921875 0.41484375 0.14921875 0.0765625
0 0.66484375 0.34375 0.10546875 0.0484375
0 0.5515625 0.375 0.1296875 0.0671875
0 0.40234375 0.4171875 0.103125 0.053125
0 0.4046875 0.3765625 0.084375 0.04296875
0 0.48203125 0.3296875 0.053125 0.0265625
0 0.603125 0.30859375 0.0765625 0.03359375
0 0.571875 0.2828125 0.08203125 0.03359375
0 0.08515625 0.7203125 0.1078125 0.0984375
0 0.62890625 0.24765625 0.05546875 0.0265625
0 0.36640625 0.334375 0.08203125 0.040625
