0 0.38671875 0.178125 0.2765625 0.22578125
0 0.34765625 0.4953125 0.2140625 0.1078125
0 0.23828125 0.5890625 0.18515625 0.06484375
0 0.2171875 0.6625 0.125 0.05078125
0 0.2921875 0.69921875 0.1109375 0.04296875
0 0.33671875 0.7296875 0.0984375 0.03359375
0 0.265625 0.7640625 0.0671875 0.03125
0 0.553125 0.5953125 0.12734375 0.0578125
0 0.5453125 0.63828125 0.09140625 0.0484375
0 0.446875 0.68125 0.07421875 0.0359375
0 0.59765625 0.6828125 0.09375 0.040625
0 0.65390625 0.646875 0.06484375 0.0359375
0 0.9390625 0.28515625 0.11796875 0.11328125
