0 0.6234375 0.18125 0.26953125 0.21640625
0 0.65234375 0.5 0.21171875 0.10078125
0 0.759375 0.5984375 0.1828125 0.06015625
0 0.7765625 0.671875 0.125 0.0453125
0 0.70078125 0.70546875 0.1078125 0.03828125
0 0.6546875 0.734375 0.0984375 0.03125
0 0.725 0.77265625 0.0671875 0.02890625
0 0.44375 0.59375 0.125 0.053125
0 0.44921875 0.6359375 0.0890625 0.04296875
0 0.546875 0.6828125 0.07421875 0.03359375
0 0.396875 0.67890625 0.09140625 0.03828125
0 0.34140625 0.640625 0.06484375 0.03359375
0 0.0640625 0.2703125 0.12734375 0.1078125
