0 0.28828125 0.23203125 0.30078125 0.259375
0 0.353125 0.5453125 0.2234375 0.13671875
0 0.28125 0.66953125 0.1875 0.09375
0 0.2859375 0.7453125 0.12734375 0.0671875
0 0.36796875 0.75625 0.11328125 0.0578125
0 0.41953125 0.7703125 0.0984375 0.0484375
0 0.3640625 0.82578125 0.06953125 0.040625
0 0.58203125 0.571875 0.1296875 0.07421875
0 0.5875 0.615625 0.09375 0.06015625
0 0.50859375 0.6890625 0.0796875 0.0484375
0 0.6515625 0.640625 0.09609375 0.05546875
0 0.69375 0.5875 0.0671875 0.04296875
0 0.85 0.1515625 0.14453125 0.12734375
