0 0.63203125 0.4390625 0.0796875 0.06015625
0 0.78359375 0.10078125 0.196875 0.2015625
0 0.6859375 0.05546875 0.1078125 0.1109375
0 0.60546875 0.2359375 0.1109375 0.1109375
0 0.50625 0.24375 0.11328125 0.103125
0 0.36796875 0.26171875 0.09140625 0.08203125
0 0.4171875 0.13359375 0.11328125 0.1203125
0 0.546875 0.078125 0.12265625 0.13203125
0 0.4734375 0.03125 0.1390625 0.0625
0 0.25390625 0.10234375 0.14453125 0.11328125
0 0.521875 0.421875 0.053125 0.05078125
0 0.56484375 0.4375 0.040625 0.02890625
0 0.4671875 0.48828125 0.1828125 0.16796875
0 0.1859375 0.3703125 0.371875 0.3125
0 0.0328125 0.2203125 0.06484375 0.209375
